0.0000	1.0000
1.0000	0.9603
1.0000	1.0000
0.0000	1.0000
0.0000	0.9914
1.0000	1.0000
1.0000	1.0000
1.0000	1.0000
1.0000	1.0000
0.0000	1.0000
1.0000	1.0000
0.0000	1.0000
1.0000	1.0000
1.0000	1.0000
1.0000	1.0000
0.0000	1.0000
1.0000	1.0000
0.0000	1.0000
1.0000	1.0000
0.0000	0.0000
0.0000	1.0000
0.0000	1.0000
1.0000	1.0000
0.0000	0.9396
0.0000	1.0000
0.0000	0.0000
0.0000	0.0000
0.0000	1.0000
1.0000	1.0000
0.0000	1.0000
1.0000	1.0000
0.0000	1.0000
0.0000	1.0000
1.0000	1.0000
0.0000	0.0000
0.0000	1.0000
1.0000	1.0000
0.0000	1.0000
1.0000	1.0000
1.0000	1.0000
1.0000	1.0000
0.0000	1.0000
0.0000	0.9887
1.0000	1.0000
0.0000	1.0000
1.0000	1.0000
1.0000	1.0000
1.0000	1.0000
0.0000	1.0000
0.0000	1.0000
0.0000	0.9908
0.0000	1.0000
0.0000	1.0000
0.0000	1.0000
1.0000	1.0000
1.0000	1.0000
0.0000	1.0000
1.0000	1.0000
1.0000	1.0000
1.0000	1.0000
0.0000	1.0000
0.0000	1.0000
1.0000	1.0000
1.0000	1.0000
0.0000	1.0000
1.0000	1.0000
0.0000	1.0000
0.0000	0.0000
1.0000	1.0000
0.0000	1.0000
1.0000	1.0000
1.0000	1.0000
0.0000	1.0000
1.0000	1.0000
1.0000	1.0000
0.0000	1.0000
0.0000	1.0000
1.0000	1.0000
1.0000	1.0000
1.0000	1.0000
0.0000	1.0000
0.0000	1.0000
0.0000	0.0000
0.0000	1.0000
0.0000	1.0000
0.0000	0.0000
1.0000	1.0000
0.0000	1.0000
0.0000	1.0000
0.0000	1.0000
1.0000	1.0000
0.0000	1.0000
1.0000	1.0000
0.0000	1.0000
0.0000	0.0000
0.0000	1.0000
0.0000	1.0000
0.0000	1.0000
0.0000	1.0000
1.0000	1.0000
1.0000	1.0000
1.0000	1.0000
1.0000	1.0000
1.0000	1.0000
0.0000	1.0000
1.0000	1.0000
0.0000	1.0000
0.0000	1.0000
1.0000	1.0000
1.0000	1.0000
0.0000	1.0000
0.0000	1.0000
0.0000	0.9711
1.0000	1.0000
1.0000	1.0000
0.0000	1.0000
1.0000	1.0000
0.0000	1.0000
0.0000	1.0000
0.0000	1.0000
1.0000	1.0000
0.0000	1.0000
0.0000	1.0000
1.0000	1.0000
1.0000	1.0000
1.0000	1.0000
1.0000	1.0000
1.0000	1.0000
1.0000	1.0000
1.0000	1.0000
1.0000	1.0000
0.0000	0.0000
0.0000	1.0000
1.0000	1.0000
1.0000	1.0000
1.0000	1.0000
1.0000	1.0000
0.0000	1.0000
0.0000	1.0000
0.0000	1.0000
1.0000	1.0000
0.0000	1.0000
0.0000	1.0000
1.0000	1.0000
0.0000	1.0000
0.0000	1.0000
0.0000	1.0000
1.0000	1.0000
1.0000	1.0000
0.0000	1.0000
0.0000	1.0000
1.0000	1.0000
1.0000	1.0000
0.0000	1.0000
0.0000	1.0000
0.0000	1.0000
0.0000	1.0000
1.0000	0.6727
1.0000	0.7808
1.0000	1.0000
0.0000	0.0000
1.0000	1.0000
1.0000	1.0000
0.0000	0.8762
1.0000	1.0000
0.0000	1.0000
0.0000	0.9406
0.0000	1.0000
0.0000	1.0000
0.0000	0.9806
1.0000	1.0000
0.0000	1.0000
1.0000	1.0000
1.0000	1.0000
0.0000	0.0000
0.0000	1.0000
0.0000	1.0000
0.0000	1.0000
0.0000	0.9902
0.0000	1.0000
0.0000	0.0000
1.0000	1.0000
0.0000	0.0000
0.0000	0.9924
0.0000	0.9908
1.0000	1.0000
1.0000	1.0000
0.0000	1.0000
0.0000	1.0000
0.0000	1.0000
0.0000	0.0000
1.0000	1.0000
0.0000	0.0000
1.0000	1.0000
0.0000	1.0000
0.0000	1.0000
1.0000	1.0000
0.0000	1.0000
0.0000	1.0000
0.0000	1.0000
1.0000	1.0000
0.0000	0.9885
1.0000	1.0000
0.0000	0.0000
1.0000	1.0000
1.0000	1.0000
0.0000	1.0000
0.0000	1.0000
0.0000	1.0000
0.0000	1.0000
0.0000	1.0000
0.0000	1.0000
0.0000	1.0000
0.0000	1.0000
0.0000	1.0000
1.0000	1.0000
0.0000	1.0000
1.0000	1.0000
1.0000	1.0000
0.0000	1.0000
0.0000	0.8284
0.0000	1.0000
0.0000	1.0000
0.0000	1.0000
0.0000	0.9940
0.0000	1.0000
0.0000	1.0000
0.0000	1.0000
1.0000	1.0000
1.0000	1.0000
0.0000	1.0000
0.0000	1.0000
0.0000	1.0000
1.0000	1.0000
0.0000	0.0000
1.0000	1.0000
0.0000	1.0000
0.0000	1.0000
0.0000	1.0000
0.0000	1.0000
0.0000	1.0000
1.0000	1.0000
0.0000	0.9740
0.0000	1.0000
0.0000	1.0000
0.0000	1.0000
0.0000	1.0000
0.0000	1.0000
0.0000	1.0000
1.0000	1.0000
0.0000	1.0000
0.0000	1.0000
0.0000	1.0000
1.0000	1.0000
1.0000	1.0000
0.0000	0.9623
1.0000	1.0000
1.0000	1.0000
0.0000	0.0000
0.0000	1.0000
0.0000	1.0000
0.0000	1.0000
0.0000	1.0000
1.0000	1.0000
1.0000	1.0000
1.0000	1.0000
0.0000	0.0000
0.0000	1.0000
1.0000	1.0000
1.0000	1.0000
0.0000	0.0000
1.0000	1.0000
1.0000	1.0000
0.0000	1.0000
0.0000	1.0000
0.0000	1.0000
1.0000	1.0000
0.0000	1.0000
0.0000	0.0000
0.0000	0.0000
1.0000	1.0000
0.0000	1.0000
0.0000	0.0000
0.0000	1.0000
1.0000	1.0000
0.0000	1.0000
1.0000	1.0000
1.0000	1.0000
0.0000	0.6967
1.0000	1.0000
1.0000	1.0000
0.0000	1.0000
0.0000	1.0000
0.0000	1.0000
0.0000	1.0000
1.0000	1.0000
0.0000	1.0000
0.0000	0.9351
1.0000	1.0000
0.0000	0.9790
0.0000	0.0000
0.0000	1.0000
0.0000	1.0000
1.0000	1.0000
0.0000	1.0000
1.0000	1.0000
0.0000	1.0000
0.0000	1.0000
1.0000	1.0000
0.0000	1.0000
1.0000	1.0000
0.0000	1.0000
0.0000	1.0000
0.0000	1.0000
0.0000	1.0000
0.0000	1.0000
1.0000	1.0000
0.0000	1.0000
1.0000	1.0000
0.0000	1.0000
1.0000	1.0000
1.0000	1.0000
0.0000	1.0000
0.0000	1.0000
1.0000	1.0000
0.0000	1.0000
1.0000	1.0000
1.0000	1.0000
0.0000	1.0000
0.0000	1.0000
0.0000	1.0000
0.0000	1.0000
1.0000	1.0000
1.0000	1.0000
0.0000	0.9919
0.0000	1.0000
0.0000	1.0000
0.0000	0.7468
0.0000	1.0000
0.0000	1.0000
1.0000	1.0000
1.0000	1.0000
0.0000	1.0000
1.0000	1.0000
1.0000	1.0000
0.0000	1.0000
0.0000	1.0000
0.0000	0.0000
0.0000	1.0000
0.0000	1.0000
1.0000	1.0000
0.0000	1.0000
0.0000	1.0000
1.0000	1.0000
1.0000	1.0000
0.0000	1.0000
0.0000	1.0000
1.0000	1.0000
1.0000	1.0000
0.0000	1.0000
0.0000	1.0000
0.0000	1.0000
0.0000	1.0000
1.0000	1.0000
0.0000	1.0000
0.0000	1.0000
0.0000	1.0000
0.0000	1.0000
1.0000	1.0000
1.0000	1.0000
1.0000	1.0000
0.0000	1.0000
0.0000	1.0000
0.0000	1.0000
0.0000	0.0000
0.0000	1.0000
0.0000	1.0000
1.0000	1.0000
1.0000	1.0000
1.0000	1.0000
0.0000	1.0000
1.0000	1.0000
1.0000	1.0000
0.0000	1.0000
0.0000	1.0000
0.0000	1.0000
1.0000	1.0000
0.0000	1.0000
1.0000	1.0000
1.0000	1.0000
0.0000	0.9822
1.0000	1.0000
1.0000	1.0000
0.0000	1.0000
1.0000	1.0000
1.0000	1.0000
0.0000	1.0000
0.0000	1.0000
0.0000	1.0000
1.0000	1.0000
1.0000	1.0000
0.0000	0.0000
0.0000	1.0000
1.0000	1.0000
0.0000	1.0000
0.0000	1.0000
0.0000	1.0000
1.0000	1.0000
1.0000	1.0000
1.0000	1.0000
1.0000	1.0000
0.0000	1.0000
1.0000	1.0000
1.0000	1.0000
0.0000	1.0000
0.0000	1.0000
1.0000	1.0000
1.0000	1.0000
0.0000	1.0000
0.0000	1.0000
0.0000	1.0000
0.0000	1.0000
1.0000	1.0000
1.0000	1.0000
0.0000	0.0000
1.0000	1.0000
0.0000	0.9751
0.0000	0.9400
0.0000	0.0000
0.0000	1.0000
0.0000	0.9777
0.0000	1.0000
0.0000	0.0000
1.0000	0.0000
1.0000	1.0000
0.0000	1.0000
1.0000	1.0000
1.0000	1.0000
1.0000	1.0000
0.0000	1.0000
0.0000	1.0000
1.0000	1.0000
0.0000	0.9766
1.0000	1.0000
1.0000	1.0000
1.0000	1.0000
0.0000	1.0000
0.0000	1.0000
0.0000	0.0000
0.0000	0.0000
1.0000	1.0000
0.0000	1.0000
0.0000	1.0000
0.0000	1.0000
0.0000	1.0000
1.0000	0.0000
1.0000	1.0000
0.0000	0.9919
1.0000	1.0000
0.0000	1.0000
1.0000	1.0000
0.0000	1.0000
0.0000	1.0000
0.0000	1.0000
0.0000	1.0000
1.0000	1.0000
1.0000	1.0000
0.0000	1.0000
1.0000	1.0000
1.0000	1.0000
0.0000	1.0000
1.0000	1.0000
1.0000	1.0000
0.0000	0.9880
1.0000	1.0000
0.0000	1.0000
0.0000	1.0000
1.0000	1.0000
1.0000	1.0000
0.0000	1.0000
0.0000	1.0000
0.0000	1.0000
0.0000	1.0000
0.0000	1.0000
1.0000	1.0000
1.0000	1.0000
0.0000	0.9114
1.0000	1.0000
1.0000	1.0000
1.0000	1.0000
0.0000	1.0000
0.0000	1.0000
1.0000	1.0000
1.0000	1.0000
1.0000	1.0000
0.0000	1.0000
0.0000	1.0000
0.0000	1.0000
1.0000	0.9878
1.0000	1.0000
0.0000	0.9915
0.0000	0.7362
1.0000	1.0000
0.0000	1.0000
0.0000	0.9675
0.0000	1.0000
0.0000	0.9737
1.0000	1.0000
0.0000	1.0000
1.0000	1.0000
0.0000	1.0000
0.0000	1.0000
0.0000	0.0000
0.0000	0.0000
0.0000	0.9809
0.0000	0.0000
1.0000	1.0000
0.0000	1.0000
0.0000	1.0000
0.0000	1.0000
0.0000	1.0000
0.0000	1.0000
0.0000	1.0000
0.0000	1.0000
0.0000	0.9512
0.0000	1.0000
1.0000	0.9590
0.0000	0.0000
1.0000	1.0000
0.0000	1.0000
1.0000	1.0000
1.0000	1.0000
0.0000	1.0000
1.0000	1.0000
1.0000	1.0000
1.0000	1.0000
0.0000	1.0000
1.0000	1.0000
1.0000	1.0000
1.0000	1.0000
0.0000	1.0000
1.0000	1.0000
0.0000	1.0000
1.0000	1.0000
0.0000	1.0000
0.0000	0.9892
0.0000	0.9743
0.0000	1.0000
0.0000	1.0000
1.0000	1.0000
1.0000	1.0000
1.0000	0.0000
0.0000	1.0000
0.0000	1.0000
1.0000	1.0000
1.0000	1.0000
1.0000	1.0000
0.0000	1.0000
1.0000	1.0000
1.0000	1.0000
0.0000	1.0000
1.0000	1.0000
0.0000	1.0000
0.0000	1.0000
0.0000	1.0000
1.0000	1.0000
0.0000	1.0000
1.0000	1.0000
1.0000	1.0000
1.0000	1.0000
0.0000	1.0000
0.0000	1.0000
0.0000	0.0000
0.0000	1.0000
1.0000	1.0000
1.0000	1.0000
0.0000	1.0000
0.0000	0.0000
1.0000	1.0000
1.0000	1.0000
1.0000	1.0000
1.0000	1.0000
0.0000	1.0000
1.0000	1.0000
1.0000	1.0000
0.0000	1.0000
0.0000	1.0000
0.0000	1.0000
0.0000	1.0000
0.0000	1.0000
0.0000	1.0000
0.0000	1.0000
1.0000	1.0000
0.0000	1.0000
0.0000	1.0000
0.0000	1.0000
1.0000	1.0000
0.0000	1.0000
0.0000	1.0000
1.0000	1.0000
0.0000	1.0000
0.0000	1.0000
0.0000	1.0000
0.0000	0.0000
1.0000	1.0000
1.0000	1.0000
1.0000	1.0000
1.0000	1.0000
1.0000	1.0000
1.0000	1.0000
0.0000	1.0000
0.0000	1.0000
1.0000	1.0000
0.0000	1.0000
0.0000	1.0000
1.0000	1.0000
0.0000	1.0000
0.0000	0.0000
0.0000	1.0000
0.0000	1.0000
0.0000	1.0000
1.0000	1.0000
0.0000	1.0000
1.0000	1.0000
1.0000	1.0000
1.0000	1.0000
0.0000	1.0000
1.0000	1.0000
0.0000	1.0000
0.0000	1.0000
1.0000	1.0000
0.0000	1.0000
0.0000	0.0000
1.0000	1.0000
1.0000	1.0000
1.0000	1.0000
0.0000	1.0000
0.0000	1.0000
1.0000	0.9919
0.0000	1.0000
0.0000	1.0000
1.0000	1.0000
0.0000	1.0000
1.0000	1.0000
1.0000	1.0000
1.0000	1.0000
0.0000	1.0000
0.0000	1.0000
0.0000	1.0000
1.0000	1.0000
0.0000	1.0000
1.0000	1.0000
0.0000	1.0000
0.0000	1.0000
0.0000	1.0000
1.0000	1.0000
0.0000	1.0000
1.0000	1.0000
0.0000	1.0000
1.0000	1.0000
0.0000	1.0000
1.0000	1.0000
1.0000	1.0000
1.0000	1.0000
0.0000	1.0000
1.0000	1.0000
0.0000	1.0000
0.0000	1.0000
1.0000	1.0000
1.0000	0.9773
1.0000	1.0000
0.0000	1.0000
1.0000	1.0000
1.0000	1.0000
0.0000	1.0000
0.0000	1.0000
0.0000	1.0000
1.0000	1.0000
0.0000	1.0000
1.0000	1.0000
1.0000	1.0000
0.0000	0.0000
0.0000	1.0000
0.0000	1.0000
0.0000	0.0000
0.0000	1.0000
1.0000	1.0000
0.0000	1.0000
0.0000	1.0000
0.0000	1.0000
1.0000	1.0000
0.0000	0.9957
0.0000	0.0000
1.0000	1.0000
1.0000	1.0000
1.0000	1.0000
0.0000	1.0000
1.0000	1.0000
1.0000	1.0000
1.0000	1.0000
1.0000	1.0000
0.0000	1.0000
0.0000	1.0000
1.0000	1.0000
0.0000	1.0000
0.0000	0.9776
1.0000	1.0000
0.0000	1.0000
1.0000	1.0000
0.0000	1.0000
1.0000	1.0000
0.0000	0.9851
1.0000	1.0000
0.0000	1.0000
1.0000	1.0000
1.0000	1.0000
1.0000	1.0000
1.0000	1.0000
0.0000	0.0000
0.0000	1.0000
0.0000	1.0000
1.0000	1.0000
0.0000	0.0000
0.0000	1.0000
0.0000	1.0000
0.0000	1.0000
0.0000	1.0000
1.0000	1.0000
0.0000	1.0000
0.0000	1.0000
0.0000	1.0000
1.0000	1.0000
1.0000	1.0000
1.0000	1.0000
0.0000	1.0000
0.0000	1.0000
1.0000	1.0000
0.0000	1.0000
0.0000	1.0000
0.0000	1.0000
1.0000	1.0000
1.0000	1.0000
1.0000	1.0000
0.0000	1.0000
0.0000	0.9494
1.0000	1.0000
1.0000	1.0000
0.0000	0.9694
0.0000	1.0000
0.0000	1.0000
0.0000	1.0000
0.0000	1.0000
0.0000	1.0000
0.0000	1.0000
0.0000	0.9041
0.0000	1.0000
0.0000	1.0000
0.0000	1.0000
1.0000	1.0000
0.0000	1.0000
0.0000	1.0000
0.0000	1.0000
0.0000	1.0000
1.0000	1.0000
0.0000	1.0000
1.0000	1.0000
0.0000	1.0000
0.0000	1.0000
1.0000	1.0000
0.0000	1.0000
1.0000	1.0000
1.0000	1.0000
0.0000	1.0000
1.0000	1.0000
0.0000	1.0000
1.0000	1.0000
0.0000	1.0000
0.0000	1.0000
0.0000	1.0000
1.0000	1.0000
1.0000	1.0000
0.0000	1.0000
0.0000	1.0000
1.0000	1.0000
1.0000	1.0000
1.0000	1.0000
1.0000	1.0000
1.0000	1.0000
1.0000	1.0000
1.0000	1.0000
0.0000	1.0000
0.0000	0.9799
1.0000	1.0000
0.0000	0.8371
0.0000	1.0000
0.0000	1.0000
0.0000	1.0000
0.0000	0.9841
0.0000	1.0000
0.0000	0.8474
1.0000	1.0000
1.0000	1.0000
0.0000	1.0000
0.0000	1.0000
0.0000	1.0000
1.0000	1.0000
0.0000	1.0000
0.0000	0.9146
0.0000	1.0000
1.0000	1.0000
0.0000	1.0000
0.0000	1.0000
1.0000	0.0000
0.0000	1.0000
0.0000	0.9900
0.0000	1.0000
0.0000	0.0000
0.0000	1.0000
0.0000	1.0000
1.0000	1.0000
1.0000	1.0000
0.0000	1.0000
0.0000	1.0000
1.0000	1.0000
0.0000	1.0000
0.0000	1.0000
1.0000	1.0000
0.0000	1.0000
1.0000	1.0000
1.0000	1.0000
0.0000	1.0000
1.0000	1.0000
1.0000	1.0000
1.0000	1.0000
1.0000	1.0000
1.0000	1.0000
0.0000	1.0000
1.0000	1.0000
0.0000	1.0000
1.0000	1.0000
1.0000	1.0000
0.0000	1.0000
1.0000	1.0000
1.0000	1.0000
0.0000	1.0000
0.0000	1.0000
0.0000	1.0000
0.0000	1.0000
0.0000	0.9745
1.0000	1.0000
0.0000	1.0000
0.0000	1.0000
1.0000	1.0000
0.0000	1.0000
0.0000	1.0000
1.0000	1.0000
0.0000	1.0000
1.0000	1.0000
1.0000	1.0000
0.0000	1.0000
1.0000	1.0000
1.0000	1.0000
1.0000	1.0000
1.0000	1.0000
0.0000	1.0000
0.0000	1.0000
0.0000	0.0000
1.0000	1.0000
1.0000	1.0000
0.0000	1.0000
0.0000	0.0000
0.0000	1.0000
0.0000	1.0000
1.0000	1.0000
0.0000	1.0000
0.0000	1.0000
0.0000	0.9909
0.0000	1.0000
1.0000	1.0000
1.0000	1.0000
0.0000	1.0000
0.0000	1.0000
1.0000	1.0000
0.0000	1.0000
1.0000	1.0000
0.0000	1.0000
0.0000	1.0000
0.0000	0.0000
0.0000	1.0000
0.0000	1.0000
0.0000	1.0000
0.0000	0.9840
1.0000	1.0000
0.0000	1.0000
0.0000	0.0000
0.0000	1.0000
0.0000	1.0000
1.0000	1.0000
0.0000	0.9752
0.0000	1.0000
0.0000	1.0000
0.0000	1.0000
0.0000	1.0000
0.0000	0.0000
1.0000	1.0000
0.0000	0.0000
0.0000	0.9913
0.0000	1.0000
1.0000	1.0000
0.0000	1.0000
1.0000	1.0000
0.0000	1.0000
0.0000	1.0000
0.0000	0.0000
0.0000	1.0000
0.0000	0.9189
0.0000	1.0000
1.0000	1.0000
0.0000	1.0000
0.0000	1.0000
0.0000	1.0000
0.0000	0.0000
1.0000	1.0000
0.0000	1.0000
1.0000	1.0000
1.0000	1.0000
1.0000	1.0000
0.0000	1.0000
0.0000	1.0000
0.0000	1.0000
0.0000	1.0000
0.0000	1.0000
0.0000	1.0000
0.0000	0.0000
0.0000	0.0000
1.0000	1.0000
1.0000	0.0000
0.0000	1.0000
0.0000	1.0000
0.0000	1.0000
0.0000	1.0000
0.0000	0.0000
0.0000	1.0000
1.0000	1.0000
1.0000	1.0000
1.0000	1.0000
0.0000	1.0000
1.0000	1.0000
0.0000	0.0000
1.0000	1.0000
1.0000	1.0000
0.0000	0.0000
1.0000	1.0000
0.0000	1.0000
1.0000	1.0000
1.0000	1.0000
1.0000	1.0000
0.0000	1.0000
0.0000	0.9750
0.0000	1.0000
0.0000	0.0000
1.0000	1.0000
1.0000	1.0000
0.0000	1.0000
1.0000	1.0000
0.0000	1.0000
0.0000	1.0000
0.0000	1.0000
0.0000	1.0000
0.0000	1.0000
0.0000	1.0000
1.0000	1.0000
0.0000	0.0000
1.0000	1.0000
0.0000	1.0000
1.0000	1.0000
1.0000	1.0000
0.0000	1.0000
1.0000	1.0000
1.0000	1.0000
1.0000	1.0000
1.0000	1.0000
0.0000	1.0000
0.0000	1.0000
1.0000	1.0000
0.0000	1.0000
1.0000	1.0000
0.0000	0.0000
1.0000	1.0000
1.0000	1.0000
1.0000	1.0000
1.0000	1.0000
0.0000	1.0000
0.0000	1.0000
1.0000	1.0000
0.0000	1.0000
0.0000	1.0000
1.0000	1.0000
1.0000	1.0000
1.0000	0.9814
0.0000	1.0000
1.0000	1.0000
1.0000	1.0000
0.0000	1.0000
0.0000	0.9742
1.0000	1.0000
0.0000	1.0000
1.0000	1.0000
0.0000	1.0000
0.0000	0.0000
1.0000	1.0000
1.0000	1.0000
1.0000	1.0000
0.0000	1.0000
0.0000	1.0000
1.0000	1.0000
0.0000	1.0000
0.0000	0.0000
0.0000	1.0000
1.0000	1.0000
0.0000	1.0000
0.0000	1.0000
0.0000	1.0000
1.0000	1.0000
0.0000	0.7500
0.0000	0.9939
0.0000	1.0000
0.0000	1.0000
0.0000	1.0000
1.0000	1.0000
1.0000	1.0000
1.0000	1.0000
1.0000	1.0000
1.0000	1.0000
0.0000	1.0000
1.0000	1.0000
0.0000	0.9856
0.0000	1.0000
0.0000	1.0000
1.0000	0.9934
0.0000	1.0000
0.0000	0.9791
1.0000	1.0000
1.0000	1.0000
0.0000	1.0000
1.0000	1.0000
0.0000	1.0000
1.0000	1.0000
0.0000	1.0000
0.0000	1.0000
0.0000	1.0000
1.0000	1.0000
1.0000	1.0000
1.0000	1.0000
1.0000	1.0000
1.0000	1.0000
0.0000	1.0000
1.0000	1.0000
0.0000	1.0000
0.0000	1.0000
0.0000	0.0000
0.0000	1.0000
0.0000	0.0000
1.0000	1.0000
0.0000	0.0000
0.0000	0.0000
0.0000	0.9839
0.0000	1.0000
1.0000	1.0000
0.0000	1.0000
0.0000	1.0000
0.0000	1.0000
0.0000	1.0000
1.0000	1.0000
0.0000	1.0000
0.0000	1.0000
1.0000	1.0000
0.0000	1.0000
0.0000	1.0000
0.0000	0.9726
0.0000	1.0000
0.0000	1.0000
0.0000	0.9425
1.0000	1.0000
1.0000	1.0000
0.0000	1.0000
0.0000	1.0000
1.0000	1.0000
0.0000	1.0000
1.0000	1.0000
1.0000	1.0000
0.0000	0.9379
0.0000	0.7517
0.0000	1.0000
0.0000	1.0000
0.0000	1.0000
0.0000	1.0000
1.0000	1.0000
0.0000	1.0000
0.0000	1.0000
0.0000	1.0000
0.0000	0.0000
1.0000	1.0000
1.0000	1.0000
1.0000	1.0000
1.0000	1.0000
1.0000	1.0000
0.0000	0.0000
1.0000	1.0000
0.0000	1.0000
0.0000	1.0000
0.0000	1.0000
0.0000	1.0000
1.0000	1.0000
0.0000	1.0000
0.0000	1.0000
1.0000	1.0000
0.0000	0.0000
0.0000	0.9905
1.0000	1.0000
0.0000	1.0000
0.0000	1.0000
0.0000	1.0000
0.0000	1.0000
0.0000	1.0000
1.0000	1.0000
0.0000	1.0000
0.0000	1.0000
0.0000	0.9867
0.0000	1.0000
1.0000	1.0000
1.0000	1.0000
0.0000	1.0000
0.0000	0.0000
1.0000	1.0000
1.0000	1.0000
0.0000	0.9738
1.0000	1.0000
0.0000	1.0000
0.0000	1.0000
0.0000	1.0000
1.0000	1.0000
0.0000	0.9807
0.0000	1.0000
0.0000	1.0000
1.0000	1.0000
0.0000	1.0000
0.0000	0.9758
1.0000	1.0000
0.0000	1.0000
0.0000	1.0000
0.0000	1.0000
0.0000	1.0000
0.0000	1.0000
0.0000	1.0000
1.0000	1.0000
0.0000	1.0000
0.0000	0.9804
0.0000	1.0000
1.0000	1.0000
1.0000	1.0000
1.0000	1.0000
1.0000	1.0000
1.0000	1.0000
1.0000	1.0000
1.0000	1.0000
1.0000	1.0000
0.0000	1.0000
1.0000	1.0000
1.0000	1.0000
0.0000	0.0000
1.0000	1.0000
0.0000	1.0000
1.0000	1.0000
1.0000	1.0000
0.0000	1.0000
0.0000	1.0000
1.0000	1.0000
0.0000	1.0000
0.0000	1.0000
0.0000	1.0000
1.0000	0.0000
1.0000	1.0000
0.0000	1.0000
1.0000	1.0000
1.0000	1.0000
0.0000	1.0000
1.0000	1.0000
1.0000	1.0000
1.0000	1.0000
0.0000	1.0000
1.0000	0.0000
0.0000	1.0000
1.0000	1.0000
0.0000	1.0000
0.0000	0.9940
0.0000	0.0000
0.0000	0.0000
0.0000	1.0000
0.0000	1.0000
1.0000	1.0000
0.0000	1.0000
0.0000	0.9889
1.0000	1.0000
1.0000	1.0000
1.0000	1.0000
0.0000	0.0000
0.0000	1.0000
1.0000	1.0000
1.0000	1.0000
0.0000	0.0000
0.0000	1.0000
0.0000	1.0000
1.0000	1.0000
1.0000	1.0000
1.0000	1.0000
0.0000	0.0000
1.0000	1.0000
1.0000	1.0000
0.0000	0.0000
1.0000	1.0000
0.0000	1.0000
0.0000	1.0000
1.0000	1.0000
0.0000	1.0000
0.0000	1.0000
0.0000	0.9877
1.0000	1.0000
1.0000	1.0000
1.0000	1.0000
0.0000	1.0000
0.0000	1.0000
0.0000	1.0000
1.0000	1.0000
1.0000	1.0000
1.0000	1.0000
0.0000	1.0000
1.0000	1.0000
1.0000	1.0000
0.0000	0.0000
1.0000	1.0000
1.0000	1.0000
0.0000	1.0000
0.0000	1.0000
1.0000	1.0000
0.0000	1.0000
1.0000	1.0000
0.0000	0.0000
1.0000	1.0000
1.0000	1.0000
0.0000	1.0000
1.0000	1.0000
1.0000	1.0000
0.0000	1.0000
1.0000	1.0000
0.0000	1.0000
0.0000	1.0000
0.0000	0.0000
0.0000	0.9684
0.0000	1.0000
1.0000	1.0000
0.0000	1.0000
0.0000	1.0000
1.0000	1.0000
0.0000	1.0000
1.0000	1.0000
0.0000	1.0000
1.0000	1.0000
1.0000	1.0000
0.0000	1.0000
0.0000	1.0000
1.0000	1.0000
1.0000	1.0000
0.0000	1.0000
1.0000	1.0000
1.0000	1.0000
0.0000	0.0000
1.0000	1.0000
0.0000	0.0000
0.0000	1.0000
0.0000	1.0000
0.0000	0.0000
0.0000	1.0000
0.0000	1.0000
0.0000	0.0000
0.0000	1.0000
1.0000	1.0000
0.0000	0.0000
1.0000	1.0000
1.0000	1.0000
0.0000	0.9308
0.0000	1.0000
0.0000	1.0000
1.0000	1.0000
1.0000	1.0000
1.0000	1.0000
0.0000	0.0000
0.0000	0.9771
1.0000	1.0000
1.0000	1.0000
1.0000	1.0000
0.0000	0.9540
1.0000	1.0000
0.0000	1.0000
0.0000	1.0000
1.0000	1.0000
1.0000	1.0000
0.0000	1.0000
1.0000	1.0000
0.0000	1.0000
0.0000	1.0000
0.0000	1.0000
0.0000	1.0000
1.0000	1.0000
0.0000	1.0000
0.0000	1.0000
0.0000	1.0000
0.0000	1.0000
0.0000	1.0000
1.0000	1.0000
0.0000	1.0000
0.0000	1.0000
1.0000	1.0000
0.0000	1.0000
1.0000	1.0000
0.0000	1.0000
0.0000	1.0000
1.0000	1.0000
1.0000	1.0000
1.0000	1.0000
0.0000	1.0000
0.0000	0.9183
0.0000	1.0000
0.0000	1.0000
0.0000	1.0000
1.0000	1.0000
0.0000	0.0000
0.0000	1.0000
0.0000	1.0000
1.0000	1.0000
1.0000	1.0000
0.0000	0.0000
1.0000	1.0000
0.0000	0.9415
0.0000	1.0000
1.0000	0.9797
1.0000	1.0000
0.0000	1.0000
0.0000	0.0000
0.0000	1.0000
0.0000	0.9231
0.0000	1.0000
0.0000	1.0000
0.0000	0.0000
0.0000	1.0000
0.0000	1.0000
0.0000	0.0000
1.0000	1.0000
0.0000	0.0000
1.0000	1.0000
0.0000	1.0000
1.0000	1.0000
0.0000	1.0000
0.0000	1.0000
0.0000	1.0000
1.0000	1.0000
0.0000	1.0000
0.0000	1.0000
0.0000	1.0000
0.0000	1.0000
0.0000	1.0000
0.0000	1.0000
0.0000	1.0000
1.0000	1.0000
0.0000	0.0000
1.0000	1.0000
0.0000	1.0000
1.0000	1.0000
1.0000	1.0000
1.0000	1.0000
1.0000	1.0000
0.0000	1.0000
1.0000	1.0000
0.0000	1.0000
0.0000	1.0000
1.0000	1.0000
0.0000	1.0000
1.0000	1.0000
0.0000	1.0000
1.0000	1.0000
1.0000	0.0000
0.0000	1.0000
0.0000	1.0000
1.0000	1.0000
0.0000	0.8344
1.0000	1.0000
1.0000	1.0000
0.0000	1.0000
1.0000	1.0000
0.0000	1.0000
1.0000	1.0000
0.0000	1.0000
1.0000	1.0000
0.0000	1.0000
1.0000	1.0000
1.0000	1.0000
1.0000	1.0000
1.0000	1.0000
1.0000	1.0000
1.0000	1.0000
0.0000	1.0000
0.0000	1.0000
1.0000	1.0000
0.0000	1.0000
0.0000	0.0000
1.0000	1.0000
0.0000	1.0000
1.0000	1.0000
1.0000	1.0000
0.0000	1.0000
0.0000	0.0000
0.0000	1.0000
0.0000	1.0000
1.0000	1.0000
0.0000	0.9934
0.0000	1.0000
1.0000	1.0000
1.0000	1.0000
1.0000	1.0000
1.0000	1.0000
1.0000	1.0000
1.0000	1.0000
0.0000	1.0000
1.0000	1.0000
0.0000	1.0000
1.0000	1.0000
0.0000	1.0000
0.0000	1.0000
0.0000	1.0000
0.0000	1.0000
1.0000	1.0000
0.0000	1.0000
0.0000	1.0000
1.0000	1.0000
0.0000	1.0000
0.0000	1.0000
1.0000	1.0000
1.0000	1.0000
1.0000	1.0000
1.0000	1.0000
0.0000	1.0000
0.0000	1.0000
0.0000	1.0000
1.0000	1.0000
1.0000	1.0000
1.0000	1.0000
1.0000	0.0000
1.0000	1.0000
0.0000	0.0000
0.0000	1.0000
1.0000	1.0000
0.0000	1.0000
1.0000	1.0000
0.0000	1.0000
0.0000	1.0000
0.0000	0.6719
0.0000	1.0000
1.0000	1.0000
0.0000	0.0000
0.0000	1.0000
0.0000	1.0000
0.0000	1.0000
0.0000	1.0000
0.0000	1.0000
1.0000	1.0000
1.0000	1.0000
0.0000	1.0000
0.0000	0.0000
0.0000	1.0000
0.0000	0.9848
1.0000	1.0000
0.0000	1.0000
0.0000	0.9554
1.0000	1.0000
0.0000	1.0000
0.0000	1.0000
1.0000	1.0000
1.0000	1.0000
0.0000	0.6808
1.0000	1.0000
0.0000	1.0000
1.0000	1.0000
0.0000	1.0000
0.0000	0.9896
1.0000	1.0000
0.0000	1.0000
1.0000	1.0000
0.0000	0.0000
0.0000	0.9840
0.0000	1.0000
0.0000	0.0000
1.0000	1.0000
0.0000	1.0000
0.0000	1.0000
0.0000	1.0000
1.0000	1.0000
1.0000	1.0000
1.0000	1.0000
0.0000	1.0000
0.0000	1.0000
0.0000	1.0000
0.0000	1.0000
0.0000	1.0000
0.0000	1.0000
0.0000	1.0000
0.0000	1.0000
1.0000	1.0000
1.0000	1.0000
0.0000	1.0000
0.0000	0.0000
0.0000	1.0000
0.0000	1.0000
0.0000	1.0000
0.0000	0.9861
1.0000	1.0000
0.0000	0.0000
1.0000	1.0000
1.0000	1.0000
0.0000	1.0000
1.0000	1.0000
0.0000	0.0000
1.0000	1.0000
1.0000	1.0000
0.0000	1.0000
1.0000	1.0000
0.0000	0.9729
1.0000	1.0000
1.0000	1.0000
0.0000	0.9772
1.0000	1.0000
1.0000	1.0000
1.0000	1.0000
1.0000	0.9537
1.0000	0.0000
1.0000	1.0000
0.0000	0.0000
1.0000	1.0000
0.0000	1.0000
1.0000	1.0000
1.0000	1.0000
0.0000	1.0000
0.0000	1.0000
0.0000	0.0000
0.0000	1.0000
1.0000	1.0000
1.0000	1.0000
0.0000	1.0000
1.0000	1.0000
0.0000	1.0000
0.0000	1.0000
0.0000	1.0000
1.0000	1.0000
0.0000	0.7964
0.0000	1.0000
1.0000	1.0000
1.0000	1.0000
0.0000	0.9359
1.0000	1.0000
0.0000	1.0000
0.0000	1.0000
0.0000	1.0000
0.0000	1.0000
0.0000	1.0000
1.0000	1.0000
0.0000	1.0000
0.0000	1.0000
0.0000	1.0000
0.0000	1.0000
1.0000	1.0000
0.0000	0.0000
1.0000	1.0000
1.0000	1.0000
0.0000	1.0000
0.0000	1.0000
1.0000	1.0000
0.0000	1.0000
0.0000	1.0000
0.0000	1.0000
0.0000	1.0000
0.0000	1.0000
0.0000	1.0000
1.0000	1.0000
1.0000	1.0000
1.0000	1.0000
0.0000	1.0000
0.0000	1.0000
1.0000	1.0000
1.0000	1.0000
0.0000	1.0000
1.0000	1.0000
0.0000	1.0000
1.0000	1.0000
0.0000	1.0000
0.0000	1.0000
0.0000	1.0000
0.0000	1.0000
0.0000	1.0000
0.0000	1.0000
1.0000	1.0000
0.0000	1.0000
1.0000	1.0000
1.0000	1.0000
1.0000	1.0000
1.0000	1.0000
0.0000	1.0000
0.0000	0.9033
0.0000	1.0000
0.0000	1.0000
0.0000	1.0000
0.0000	1.0000
1.0000	1.0000
0.0000	1.0000
1.0000	1.0000
1.0000	1.0000
0.0000	1.0000
1.0000	1.0000
1.0000	1.0000
1.0000	1.0000
1.0000	1.0000
1.0000	1.0000
0.0000	1.0000
1.0000	1.0000
0.0000	1.0000
0.0000	1.0000
1.0000	0.9896
1.0000	1.0000
1.0000	1.0000
1.0000	1.0000
1.0000	1.0000
0.0000	0.0000
0.0000	1.0000
1.0000	1.0000
1.0000	1.0000
0.0000	0.9958
0.0000	1.0000
0.0000	1.0000
1.0000	1.0000
0.0000	1.0000
0.0000	1.0000
0.0000	1.0000
1.0000	1.0000
0.0000	1.0000
0.0000	1.0000
0.0000	1.0000
0.0000	1.0000
0.0000	1.0000
1.0000	1.0000
0.0000	1.0000
0.0000	1.0000
0.0000	0.0000
1.0000	1.0000
1.0000	1.0000
0.0000	1.0000
0.0000	0.0000
1.0000	1.0000
1.0000	0.5704
1.0000	1.0000
0.0000	1.0000
1.0000	1.0000
0.0000	1.0000
0.0000	1.0000
0.0000	0.9875
0.0000	1.0000
0.0000	1.0000
1.0000	1.0000
1.0000	1.0000
1.0000	1.0000
1.0000	1.0000
0.0000	0.0000
1.0000	1.0000
1.0000	1.0000
1.0000	1.0000
1.0000	1.0000
0.0000	1.0000
1.0000	1.0000
1.0000	1.0000
1.0000	1.0000
0.0000	1.0000
1.0000	1.0000
1.0000	1.0000
0.0000	1.0000
0.0000	1.0000
1.0000	1.0000
0.0000	1.0000
1.0000	1.0000
0.0000	1.0000
0.0000	1.0000
1.0000	1.0000
0.0000	1.0000
0.0000	1.0000
0.0000	0.0000
1.0000	1.0000
1.0000	1.0000
0.0000	0.0000
0.0000	0.0000
0.0000	0.0000
0.0000	1.0000
0.0000	1.0000
0.0000	1.0000
0.0000	1.0000
1.0000	1.0000
1.0000	1.0000
0.0000	1.0000
1.0000	1.0000
1.0000	1.0000
0.0000	1.0000
0.0000	1.0000
0.0000	1.0000
0.0000	1.0000
1.0000	1.0000
0.0000	1.0000
1.0000	1.0000
0.0000	1.0000
1.0000	1.0000
1.0000	1.0000
1.0000	1.0000
1.0000	1.0000
0.0000	1.0000
0.0000	1.0000
0.0000	1.0000
1.0000	1.0000
0.0000	0.9839
0.0000	1.0000
0.0000	1.0000
1.0000	1.0000
0.0000	0.9154
0.0000	0.0000
0.0000	1.0000
1.0000	1.0000
0.0000	1.0000
1.0000	1.0000
1.0000	1.0000
1.0000	1.0000
0.0000	1.0000
0.0000	0.9487
1.0000	1.0000
1.0000	1.0000
0.0000	1.0000
0.0000	1.0000
1.0000	1.0000
0.0000	1.0000
0.0000	1.0000
0.0000	1.0000
1.0000	1.0000
1.0000	1.0000
0.0000	1.0000
1.0000	1.0000
0.0000	1.0000
0.0000	0.9383
1.0000	1.0000
1.0000	1.0000
1.0000	1.0000
1.0000	1.0000
0.0000	1.0000
1.0000	1.0000
0.0000	1.0000
1.0000	1.0000
0.0000	1.0000
0.0000	0.9849
1.0000	1.0000
0.0000	0.9421
0.0000	1.0000
0.0000	1.0000
1.0000	1.0000
0.0000	0.9814
1.0000	1.0000
1.0000	1.0000
0.0000	1.0000
1.0000	1.0000
0.0000	1.0000
0.0000	1.0000
1.0000	1.0000
0.0000	0.0000
0.0000	1.0000
0.0000	1.0000
0.0000	1.0000
0.0000	1.0000
0.0000	1.0000
0.0000	0.8211
0.0000	1.0000
1.0000	1.0000
0.0000	1.0000
0.0000	1.0000
0.0000	0.9237
0.0000	0.0000
0.0000	1.0000
0.0000	1.0000
0.0000	0.9695
0.0000	1.0000
1.0000	1.0000
1.0000	1.0000
0.0000	0.0000
1.0000	1.0000
1.0000	1.0000
1.0000	1.0000
0.0000	1.0000
1.0000	1.0000
0.0000	1.0000
1.0000	1.0000
0.0000	1.0000
0.0000	1.0000
0.0000	1.0000
0.0000	1.0000
1.0000	1.0000
0.0000	1.0000
1.0000	1.0000
0.0000	1.0000
1.0000	1.0000
0.0000	1.0000
0.0000	1.0000
1.0000	1.0000
0.0000	1.0000
0.0000	1.0000
1.0000	1.0000
1.0000	1.0000
1.0000	1.0000
1.0000	1.0000
0.0000	1.0000
1.0000	1.0000
1.0000	1.0000
0.0000	1.0000
1.0000	1.0000
0.0000	0.0000
1.0000	1.0000
0.0000	1.0000
1.0000	1.0000
1.0000	1.0000
1.0000	1.0000
1.0000	1.0000
0.0000	1.0000
0.0000	1.0000
0.0000	1.0000
0.0000	1.0000
1.0000	1.0000
0.0000	1.0000
0.0000	1.0000
0.0000	1.0000
1.0000	1.0000
0.0000	1.0000
1.0000	1.0000
0.0000	1.0000
0.0000	0.0000
0.0000	1.0000
1.0000	1.0000
0.0000	1.0000
1.0000	1.0000
0.0000	0.0000
0.0000	1.0000
0.0000	1.0000
0.0000	1.0000
0.0000	0.0000
0.0000	1.0000
1.0000	1.0000
0.0000	0.9031
0.0000	1.0000
1.0000	1.0000
0.0000	1.0000
0.0000	1.0000
0.0000	1.0000
1.0000	1.0000
0.0000	1.0000
0.0000	1.0000
1.0000	1.0000
1.0000	0.9507
1.0000	1.0000
1.0000	1.0000
0.0000	1.0000
0.0000	1.0000
0.0000	1.0000
0.0000	1.0000
1.0000	1.0000
1.0000	1.0000
0.0000	1.0000
0.0000	1.0000
0.0000	1.0000
0.0000	1.0000
0.0000	1.0000
1.0000	1.0000
1.0000	1.0000
0.0000	1.0000
0.0000	1.0000
0.0000	1.0000
0.0000	1.0000
1.0000	0.0000
1.0000	1.0000
1.0000	1.0000
0.0000	0.9318
1.0000	1.0000
1.0000	1.0000
0.0000	1.0000
1.0000	0.0000
1.0000	1.0000
0.0000	1.0000
1.0000	1.0000
0.0000	1.0000
1.0000	1.0000
1.0000	1.0000
0.0000	1.0000
1.0000	1.0000
1.0000	1.0000
0.0000	1.0000
1.0000	1.0000
0.0000	0.9507
0.0000	1.0000
0.0000	1.0000
1.0000	1.0000
1.0000	1.0000
0.0000	1.0000
1.0000	1.0000
0.0000	1.0000
1.0000	1.0000
0.0000	1.0000
0.0000	1.0000
0.0000	0.0000
1.0000	1.0000
1.0000	1.0000
0.0000	1.0000
1.0000	1.0000
0.0000	0.0000
1.0000	1.0000
0.0000	0.0000
0.0000	1.0000
0.0000	1.0000
1.0000	1.0000
0.0000	1.0000
1.0000	1.0000
1.0000	1.0000
0.0000	0.9811
1.0000	1.0000
1.0000	1.0000
0.0000	0.0000
0.0000	1.0000
0.0000	1.0000
0.0000	1.0000
0.0000	0.0000
0.0000	1.0000
1.0000	1.0000
1.0000	1.0000
0.0000	1.0000
1.0000	1.0000
0.0000	1.0000
1.0000	1.0000
0.0000	1.0000
0.0000	0.9866
0.0000	1.0000
1.0000	1.0000
0.0000	1.0000
1.0000	1.0000
1.0000	1.0000
0.0000	1.0000
0.0000	1.0000
1.0000	1.0000
1.0000	1.0000
1.0000	1.0000
0.0000	1.0000
1.0000	1.0000
0.0000	1.0000
0.0000	1.0000
0.0000	1.0000
1.0000	1.0000
0.0000	1.0000
0.0000	1.0000
0.0000	0.0000
1.0000	1.0000
0.0000	1.0000
1.0000	1.0000
1.0000	1.0000
0.0000	0.9959
0.0000	1.0000
1.0000	1.0000
1.0000	1.0000
0.0000	1.0000
0.0000	0.0000
0.0000	1.0000
0.0000	1.0000
0.0000	1.0000
0.0000	1.0000
0.0000	1.0000
0.0000	0.9800
1.0000	1.0000
1.0000	1.0000
1.0000	1.0000
0.0000	1.0000
1.0000	1.0000
0.0000	1.0000
0.0000	1.0000
0.0000	1.0000
0.0000	0.9875
1.0000	1.0000
1.0000	1.0000
