0.0000	0.3279
1.0000	0.0035
1.0000	0.9977
0.0000	0.4012
0.0000	0.6431
1.0000	0.8502
1.0000	0.8723
1.0000	0.9854
1.0000	0.4445
0.0000	0.0144
1.0000	0.8248
0.0000	0.6233
1.0000	0.2744
1.0000	0.9936
1.0000	0.7406
0.0000	0.0621
1.0000	0.9996
0.0000	0.0232
1.0000	0.3172
0.0000	0.0064
0.0000	1.0000
0.0000	0.9794
1.0000	1.0000
0.0000	0.0057
0.0000	0.9989
0.0000	0.0161
0.0000	0.0006
0.0000	0.0140
1.0000	1.0000
0.0000	0.0117
1.0000	0.9979
0.0000	0.9990
0.0000	0.9975
1.0000	0.9892
0.0000	0.0004
0.0000	0.9851
1.0000	1.0000
0.0000	0.0159
1.0000	0.8653
1.0000	1.0000
1.0000	1.0000
0.0000	0.0359
0.0000	0.0595
1.0000	0.3452
0.0000	0.9119
1.0000	1.0000
1.0000	0.8880
1.0000	0.9986
0.0000	0.0084
0.0000	0.0594
0.0000	0.0005
0.0000	0.0039
0.0000	0.7246
0.0000	0.1960
1.0000	0.9622
1.0000	1.0000
0.0000	0.0003
1.0000	0.9620
1.0000	0.9192
1.0000	0.3676
0.0000	0.9483
0.0000	0.4969
1.0000	1.0000
1.0000	0.9951
0.0000	0.9967
1.0000	0.9997
0.0000	0.9867
0.0000	0.6179
1.0000	0.9997
0.0000	0.7315
1.0000	0.9041
1.0000	0.9647
0.0000	0.9998
1.0000	0.9983
1.0000	0.2480
0.0000	0.4355
0.0000	0.9169
1.0000	0.8201
1.0000	1.0000
1.0000	0.9995
0.0000	0.1033
0.0000	0.9774
0.0000	0.0002
0.0000	0.9737
0.0000	0.0051
0.0000	0.9344
1.0000	0.9995
0.0000	0.9036
0.0000	1.0000
0.0000	0.4955
1.0000	0.9999
0.0000	0.1737
1.0000	0.7228
0.0000	0.2295
0.0000	0.0009
0.0000	0.4497
0.0000	0.9959
0.0000	0.3796
0.0000	0.3979
1.0000	0.9071
1.0000	0.9997
1.0000	0.9994
1.0000	1.0000
1.0000	0.9658
0.0000	0.2702
1.0000	1.0000
0.0000	0.9355
0.0000	0.6097
1.0000	0.9999
1.0000	1.0000
0.0000	0.9702
0.0000	0.0003
0.0000	0.2438
1.0000	1.0000
1.0000	0.9996
0.0000	0.9759
1.0000	0.9943
0.0000	0.9267
0.0000	0.9321
0.0000	0.3146
1.0000	0.9999
0.0000	0.9865
0.0000	0.9571
1.0000	0.7986
1.0000	1.0000
1.0000	0.9268
1.0000	1.0000
1.0000	0.9933
1.0000	0.9670
1.0000	0.9952
1.0000	0.9983
0.0000	0.0015
0.0000	0.1316
1.0000	0.9999
1.0000	0.9992
1.0000	0.9861
1.0000	1.0000
0.0000	0.9691
0.0000	0.0024
0.0000	0.0141
1.0000	0.8277
0.0000	0.6570
0.0000	0.8060
1.0000	1.0000
0.0000	0.9748
0.0000	0.0696
0.0000	0.9258
1.0000	0.9886
1.0000	1.0000
0.0000	0.0137
0.0000	0.4953
1.0000	0.9995
1.0000	0.0021
0.0000	0.9956
0.0000	0.9969
0.0000	0.4056
0.0000	0.9950
1.0000	0.9849
1.0000	0.8753
1.0000	0.9434
0.0000	0.0000
1.0000	0.9997
1.0000	0.9999
0.0000	0.0007
1.0000	0.9997
0.0000	0.8978
0.0000	0.0000
0.0000	0.0118
0.0000	0.7785
0.0000	0.9885
1.0000	1.0000
0.0000	0.8711
1.0000	0.6984
1.0000	1.0000
0.0000	0.0000
0.0000	0.0291
0.0000	0.1879
0.0000	0.0833
0.0000	0.0235
0.0000	0.4894
0.0000	0.6411
1.0000	0.4549
0.0000	0.0877
0.0000	0.4062
0.0000	0.0241
1.0000	0.9987
1.0000	1.0000
0.0000	0.9961
0.0000	0.5709
0.0000	0.3787
0.0000	0.0200
1.0000	0.7074
0.0000	0.0001
1.0000	0.9929
0.0000	0.9956
0.0000	0.9971
1.0000	0.9974
0.0000	0.6397
0.0000	0.0174
0.0000	0.9905
1.0000	1.0000
0.0000	0.0012
1.0000	1.0000
0.0000	0.1003
1.0000	1.0000
1.0000	1.0000
0.0000	0.0107
0.0000	0.9659
0.0000	1.0000
0.0000	0.9802
0.0000	0.9948
0.0000	0.2124
0.0000	0.9072
0.0000	0.0241
0.0000	0.9658
1.0000	0.9996
0.0000	0.9946
1.0000	0.9976
1.0000	0.9985
0.0000	0.9124
0.0000	0.0720
0.0000	0.5861
0.0000	0.9518
0.0000	0.7387
0.0000	0.1327
0.0000	0.0009
0.0000	0.4780
0.0000	0.9926
1.0000	0.9696
1.0000	0.9822
0.0000	0.9958
0.0000	0.8814
0.0000	0.4375
1.0000	0.9626
0.0000	0.3801
1.0000	1.0000
0.0000	0.8821
0.0000	0.0871
0.0000	0.9869
0.0000	0.0965
0.0000	0.8441
1.0000	0.2941
0.0000	0.0985
0.0000	0.9969
0.0000	0.0758
0.0000	0.0379
0.0000	0.0241
0.0000	0.9450
0.0000	0.9946
1.0000	0.9618
0.0000	0.5163
0.0000	0.1412
0.0000	0.7394
1.0000	0.0406
1.0000	0.8442
0.0000	0.2238
1.0000	0.9981
1.0000	0.9999
0.0000	0.0014
0.0000	0.0020
0.0000	0.2778
0.0000	0.9679
0.0000	0.9980
1.0000	0.9990
1.0000	1.0000
1.0000	0.9956
0.0000	0.0007
0.0000	0.5688
1.0000	0.9766
1.0000	1.0000
0.0000	0.0002
1.0000	1.0000
1.0000	0.9988
0.0000	0.0000
0.0000	0.1700
0.0000	0.9494
1.0000	0.8441
0.0000	0.9869
0.0000	0.9738
0.0000	0.0000
1.0000	0.9996
0.0000	0.9687
0.0000	0.0000
0.0000	0.9963
1.0000	0.9983
0.0000	0.9139
1.0000	0.9995
1.0000	0.9936
0.0000	0.0001
1.0000	1.0000
1.0000	1.0000
0.0000	0.7786
0.0000	0.0794
0.0000	0.8331
0.0000	0.9350
1.0000	0.9993
0.0000	0.0486
0.0000	0.0000
1.0000	0.7640
0.0000	0.0011
0.0000	0.0005
0.0000	0.0003
0.0000	0.2180
1.0000	1.0000
0.0000	0.0006
1.0000	0.9994
0.0000	0.9968
0.0000	0.9380
1.0000	0.9737
0.0000	0.7205
1.0000	0.9994
0.0000	0.9988
0.0000	0.2628
0.0000	0.9895
0.0000	0.0140
0.0000	0.9878
1.0000	0.4792
0.0000	0.7216
1.0000	0.4857
0.0000	0.9991
1.0000	0.2761
1.0000	0.9896
0.0000	0.9993
0.0000	0.9802
1.0000	0.9998
0.0000	0.9160
1.0000	0.9998
1.0000	0.9991
0.0000	0.9583
0.0000	0.7530
0.0000	0.9959
0.0000	0.9795
1.0000	0.9971
1.0000	0.9999
0.0000	0.5239
0.0000	0.9473
0.0000	0.0585
0.0000	0.0087
0.0000	0.9998
0.0000	0.2697
1.0000	1.0000
1.0000	0.9995
0.0000	0.0071
1.0000	0.6657
1.0000	0.9969
0.0000	1.0000
0.0000	0.6081
0.0000	0.0001
0.0000	0.8162
0.0000	0.9080
1.0000	0.9982
0.0000	1.0000
0.0000	0.9552
1.0000	0.9997
1.0000	1.0000
0.0000	0.0555
0.0000	0.1251
1.0000	1.0000
1.0000	0.9874
0.0000	0.1675
0.0000	0.0791
0.0000	0.0913
0.0000	0.9992
1.0000	0.9874
0.0000	0.9939
0.0000	0.8813
0.0000	0.7214
0.0000	0.0719
1.0000	0.9593
1.0000	1.0000
1.0000	0.8332
0.0000	0.9961
0.0000	0.9879
0.0000	0.9682
0.0000	0.0043
0.0000	0.9991
0.0000	0.9993
1.0000	0.9989
1.0000	1.0000
1.0000	0.9995
0.0000	0.6887
1.0000	1.0000
1.0000	0.9997
0.0000	0.0061
0.0000	0.0003
0.0000	0.9995
1.0000	1.0000
0.0000	0.9426
1.0000	0.9572
1.0000	0.9982
0.0000	0.9490
1.0000	1.0000
1.0000	0.5912
0.0000	0.0492
1.0000	0.9192
1.0000	0.9448
0.0000	0.0891
0.0000	0.9502
0.0000	0.9926
1.0000	0.0491
1.0000	1.0000
0.0000	0.0015
0.0000	0.0296
1.0000	0.9396
0.0000	0.4363
0.0000	0.0000
0.0000	0.9531
1.0000	0.9996
1.0000	0.9949
1.0000	1.0000
1.0000	0.8515
0.0000	1.0000
1.0000	0.9999
1.0000	0.9997
0.0000	0.9818
0.0000	0.9945
1.0000	0.9931
1.0000	0.9795
0.0000	0.2741
0.0000	0.0621
0.0000	0.3368
0.0000	0.8395
1.0000	1.0000
1.0000	1.0000
0.0000	0.0006
1.0000	0.0616
0.0000	0.7032
0.0000	0.0001
0.0000	0.0006
0.0000	0.6343
0.0000	0.1098
0.0000	0.8321
0.0000	0.0001
1.0000	0.4836
1.0000	0.2956
0.0000	0.0570
1.0000	0.6627
1.0000	0.9991
1.0000	1.0000
0.0000	0.4800
0.0000	0.1333
1.0000	0.9781
0.0000	0.3336
1.0000	0.9941
1.0000	0.9496
1.0000	0.9634
0.0000	0.1385
0.0000	0.0502
0.0000	0.0079
0.0000	0.3982
1.0000	0.9992
0.0000	0.0041
0.0000	0.9981
0.0000	0.0421
0.0000	0.7636
1.0000	0.6625
1.0000	0.9945
0.0000	0.0003
1.0000	0.2954
0.0000	0.3001
1.0000	0.9989
0.0000	0.0001
0.0000	0.8554
0.0000	0.8586
0.0000	0.0177
1.0000	0.8896
1.0000	0.8375
0.0000	1.0000
1.0000	0.9859
1.0000	0.9999
0.0000	0.0244
1.0000	0.4350
1.0000	0.9947
0.0000	0.7178
1.0000	0.9934
0.0000	0.9539
0.0000	0.0006
1.0000	1.0000
1.0000	0.9895
0.0000	0.0790
0.0000	0.5907
0.0000	0.7846
0.0000	0.9828
0.0000	0.0000
1.0000	0.9614
1.0000	1.0000
0.0000	0.0000
1.0000	1.0000
1.0000	0.8849
1.0000	0.9915
0.0000	1.0000
0.0000	0.0339
1.0000	0.9292
1.0000	1.0000
1.0000	0.4578
0.0000	0.0002
0.0000	0.1323
0.0000	0.9923
1.0000	0.8830
1.0000	0.9818
0.0000	0.0125
0.0000	0.0000
1.0000	1.0000
0.0000	0.8889
0.0000	0.0002
0.0000	0.9983
0.0000	0.0002
1.0000	0.9063
0.0000	0.8291
1.0000	0.9114
0.0000	0.0477
0.0000	0.9857
0.0000	0.6762
0.0000	0.0126
0.0000	0.0000
0.0000	0.0001
1.0000	0.9928
0.0000	0.9102
0.0000	0.2039
0.0000	0.9803
0.0000	0.6617
0.0000	0.1452
0.0000	0.2903
0.0000	0.9999
0.0000	0.0001
0.0000	0.9952
1.0000	0.0000
0.0000	0.9923
1.0000	0.9999
0.0000	0.2350
1.0000	0.9992
1.0000	0.5300
0.0000	0.9916
1.0000	0.9997
1.0000	0.9387
1.0000	0.8512
0.0000	0.9950
1.0000	0.9628
1.0000	0.6407
1.0000	1.0000
0.0000	0.0041
1.0000	1.0000
0.0000	0.0135
1.0000	0.9069
0.0000	1.0000
0.0000	0.0223
0.0000	0.9348
0.0000	0.0221
0.0000	0.0755
1.0000	0.9981
1.0000	0.7314
1.0000	0.0076
0.0000	0.9854
0.0000	0.0000
1.0000	0.7537
1.0000	0.9994
1.0000	0.9999
0.0000	0.0092
1.0000	1.0000
1.0000	0.9979
0.0000	0.0083
1.0000	1.0000
0.0000	0.3393
0.0000	0.4864
0.0000	0.0009
1.0000	0.9996
0.0000	0.4265
1.0000	0.9911
1.0000	1.0000
1.0000	0.9794
0.0000	0.8384
0.0000	0.1217
0.0000	0.0092
0.0000	0.0317
1.0000	0.7805
1.0000	1.0000
0.0000	0.0670
0.0000	0.7689
1.0000	1.0000
1.0000	0.9944
1.0000	0.9746
1.0000	0.9429
0.0000	0.9884
1.0000	0.3302
1.0000	0.9990
0.0000	0.0702
0.0000	0.9150
0.0000	0.3199
0.0000	0.8732
0.0000	1.0000
0.0000	0.1278
0.0000	0.8656
1.0000	0.9828
0.0000	0.0000
0.0000	0.9998
0.0000	0.4317
1.0000	1.0000
0.0000	0.5638
0.0000	0.3183
1.0000	0.9934
0.0000	0.9477
0.0000	0.3104
0.0000	0.9984
0.0000	0.0001
1.0000	1.0000
1.0000	0.9991
1.0000	0.9503
1.0000	0.9705
1.0000	0.9999
1.0000	0.9892
0.0000	0.0073
0.0000	0.9996
1.0000	0.9998
0.0000	1.0000
0.0000	0.7298
1.0000	0.9770
0.0000	0.9599
0.0000	0.3004
0.0000	0.9874
0.0000	0.9859
0.0000	0.0095
1.0000	0.9952
0.0000	0.0082
1.0000	0.9782
1.0000	0.9942
1.0000	1.0000
0.0000	0.0000
1.0000	0.1600
0.0000	0.2548
0.0000	0.9704
1.0000	0.9845
0.0000	0.6192
0.0000	0.0009
1.0000	0.9742
1.0000	0.7950
1.0000	0.9999
0.0000	0.6093
0.0000	0.0000
1.0000	0.0676
0.0000	0.9933
0.0000	0.0233
1.0000	0.9931
0.0000	0.3472
1.0000	0.9984
1.0000	0.9863
1.0000	0.9896
0.0000	0.9528
0.0000	0.9925
0.0000	0.6514
1.0000	0.9927
0.0000	0.9984
1.0000	0.9999
0.0000	0.8411
0.0000	0.3987
0.0000	0.0017
1.0000	0.9467
0.0000	0.0567
1.0000	0.9995
0.0000	0.3713
1.0000	1.0000
0.0000	0.0006
1.0000	0.9934
1.0000	1.0000
1.0000	1.0000
0.0000	1.0000
1.0000	0.9976
0.0000	0.9817
0.0000	0.9866
1.0000	0.9974
1.0000	0.9970
1.0000	0.9996
0.0000	0.0003
1.0000	0.9995
1.0000	1.0000
0.0000	0.0012
0.0000	0.0007
0.0000	0.0107
1.0000	1.0000
0.0000	0.0201
1.0000	0.9826
1.0000	0.9983
0.0000	0.7041
0.0000	0.8751
0.0000	0.0023
0.0000	0.0002
0.0000	0.9980
1.0000	0.9970
0.0000	0.0000
0.0000	0.3140
0.0000	0.9803
1.0000	0.9995
0.0000	0.0639
0.0000	0.9444
1.0000	0.9992
1.0000	0.9993
1.0000	0.9995
0.0000	0.9780
1.0000	0.6178
1.0000	0.9533
1.0000	0.9696
1.0000	0.9996
0.0000	0.0008
0.0000	0.9998
1.0000	0.3833
0.0000	0.6804
0.0000	0.0023
1.0000	0.5065
0.0000	0.6809
1.0000	0.9999
0.0000	0.9936
1.0000	1.0000
0.0000	0.2074
1.0000	0.9999
0.0000	1.0000
1.0000	0.7270
1.0000	0.9837
1.0000	0.9999
1.0000	1.0000
0.0000	0.0024
0.0000	0.2247
0.0000	0.9361
1.0000	0.9864
0.0000	0.0555
0.0000	0.4009
0.0000	0.0762
0.0000	0.8065
0.0000	0.6332
1.0000	0.9992
0.0000	0.7691
0.0000	0.8891
0.0000	0.9629
1.0000	0.9999
1.0000	1.0000
1.0000	0.9999
0.0000	0.9879
0.0000	0.3109
1.0000	0.9810
0.0000	0.5792
0.0000	0.9803
0.0000	0.9437
1.0000	1.0000
1.0000	0.9924
1.0000	1.0000
0.0000	0.0001
0.0000	0.0000
1.0000	0.9966
1.0000	0.9998
0.0000	0.6336
0.0000	0.0000
0.0000	0.1208
0.0000	0.0412
0.0000	0.4888
0.0000	0.9842
0.0000	0.6686
0.0000	0.0000
0.0000	0.9639
0.0000	0.2681
0.0000	0.8898
1.0000	0.4599
0.0000	0.9989
0.0000	0.0006
0.0000	0.5332
0.0000	0.7662
1.0000	0.9997
0.0000	1.0000
1.0000	0.9988
0.0000	0.9418
0.0000	0.9724
1.0000	1.0000
0.0000	0.1787
1.0000	0.9996
1.0000	0.3506
0.0000	0.5409
1.0000	0.9997
0.0000	0.9710
1.0000	0.9840
0.0000	0.9769
0.0000	0.9482
0.0000	0.2631
1.0000	0.9913
1.0000	1.0000
0.0000	0.0157
0.0000	0.3024
1.0000	0.9778
1.0000	1.0000
1.0000	0.9991
1.0000	1.0000
1.0000	0.9995
1.0000	1.0000
1.0000	0.9988
0.0000	0.7787
0.0000	0.9732
1.0000	0.9237
0.0000	0.0008
0.0000	0.9995
0.0000	0.0017
0.0000	1.0000
0.0000	0.9161
0.0000	0.9693
0.0000	0.0000
1.0000	0.9993
1.0000	0.9022
0.0000	0.1297
0.0000	0.9792
0.0000	0.9919
1.0000	0.9977
0.0000	0.9999
0.0000	0.0036
0.0000	0.8437
1.0000	0.8355
0.0000	0.0123
0.0000	0.0622
1.0000	0.9831
0.0000	0.9719
0.0000	0.0272
0.0000	0.0324
0.0000	0.1072
0.0000	0.0675
0.0000	0.0108
1.0000	1.0000
1.0000	0.9353
0.0000	0.9999
0.0000	0.0251
1.0000	0.3231
0.0000	0.9834
0.0000	0.9058
1.0000	1.0000
0.0000	0.4847
1.0000	0.9869
1.0000	1.0000
0.0000	0.7774
1.0000	0.9978
1.0000	0.9927
1.0000	0.8156
1.0000	0.9994
1.0000	0.9999
0.0000	0.0825
1.0000	1.0000
0.0000	0.0003
1.0000	0.9998
1.0000	0.9959
0.0000	0.0060
1.0000	0.9995
1.0000	1.0000
0.0000	0.0530
0.0000	0.3523
0.0000	0.0025
0.0000	0.9856
0.0000	0.0009
1.0000	0.9997
0.0000	0.9995
0.0000	0.8802
1.0000	1.0000
0.0000	0.3574
0.0000	0.0000
1.0000	0.9920
0.0000	0.8522
1.0000	0.9987
1.0000	0.0734
0.0000	0.9267
1.0000	0.9025
1.0000	0.0002
1.0000	0.8474
1.0000	0.9989
0.0000	0.3299
0.0000	0.9038
0.0000	0.5907
1.0000	0.8661
1.0000	1.0000
0.0000	0.0203
0.0000	0.0003
0.0000	0.0199
0.0000	0.0056
1.0000	0.9422
0.0000	0.9991
0.0000	0.9985
0.0000	0.9610
0.0000	0.1397
1.0000	1.0000
1.0000	0.3413
0.0000	0.7807
0.0000	0.0024
1.0000	0.8055
0.0000	0.5730
1.0000	1.0000
0.0000	0.9897
0.0000	0.8600
0.0000	0.0012
0.0000	0.9999
0.0000	0.9985
0.0000	0.9851
0.0000	0.2136
1.0000	0.9922
0.0000	0.7547
0.0000	0.0032
0.0000	0.9088
0.0000	0.8536
1.0000	1.0000
0.0000	0.0240
0.0000	0.0327
0.0000	0.9960
0.0000	0.0304
0.0000	0.0631
0.0000	0.0012
1.0000	0.9907
0.0000	0.0167
0.0000	0.3169
0.0000	0.9350
1.0000	0.4735
0.0000	0.2887
1.0000	0.2961
0.0000	0.9828
0.0000	0.9991
0.0000	0.0861
0.0000	0.1443
0.0000	0.0004
0.0000	0.9454
1.0000	0.9767
0.0000	0.9677
0.0000	0.7448
0.0000	0.9749
0.0000	0.0002
1.0000	0.9884
0.0000	0.9798
1.0000	0.9999
1.0000	0.9071
1.0000	0.9982
0.0000	0.0243
0.0000	0.0006
0.0000	0.3807
0.0000	0.9996
0.0000	0.9958
0.0000	0.0132
0.0000	0.1335
0.0000	0.0029
1.0000	0.9993
1.0000	0.4756
0.0000	0.8718
0.0000	0.1789
0.0000	0.1320
0.0000	0.3609
0.0000	0.0000
0.0000	0.4045
1.0000	0.9998
1.0000	0.9987
1.0000	0.9672
0.0000	0.5664
1.0000	0.9903
0.0000	0.3846
1.0000	0.6921
1.0000	0.9949
0.0000	0.0001
1.0000	0.9991
0.0000	0.0436
1.0000	0.9889
1.0000	0.9985
1.0000	1.0000
0.0000	0.7925
0.0000	0.9959
0.0000	0.0428
0.0000	0.0005
1.0000	0.9983
1.0000	1.0000
0.0000	0.0000
1.0000	0.0355
0.0000	0.7015
0.0000	0.5844
0.0000	0.9996
0.0000	0.4595
0.0000	0.0001
0.0000	0.8070
1.0000	1.0000
0.0000	0.7905
1.0000	0.9998
0.0000	0.0286
1.0000	0.9932
1.0000	0.9797
0.0000	0.0001
1.0000	1.0000
1.0000	0.9998
1.0000	0.9102
1.0000	0.9992
0.0000	0.7588
0.0000	0.6483
1.0000	0.9928
0.0000	0.5213
1.0000	1.0000
0.0000	0.0007
1.0000	0.9810
1.0000	0.9860
1.0000	0.9995
1.0000	0.9999
0.0000	0.6405
0.0000	0.8324
1.0000	0.0513
0.0000	0.0856
0.0000	0.2919
1.0000	0.5607
1.0000	0.9980
1.0000	0.8182
0.0000	0.1539
1.0000	0.9999
1.0000	1.0000
0.0000	0.5422
0.0000	0.0025
1.0000	1.0000
0.0000	0.0000
1.0000	1.0000
0.0000	0.1476
0.0000	0.0018
1.0000	1.0000
1.0000	0.8166
1.0000	0.8458
0.0000	0.9930
0.0000	0.0048
1.0000	0.9993
0.0000	0.9989
0.0000	0.0000
0.0000	0.9917
1.0000	0.9993
0.0000	0.7941
0.0000	0.7095
0.0000	0.1470
1.0000	0.9803
0.0000	0.0169
0.0000	0.1860
0.0000	0.0013
0.0000	0.1875
0.0000	0.9998
1.0000	0.9997
1.0000	0.0915
1.0000	0.9898
1.0000	1.0000
1.0000	1.0000
0.0000	0.2238
1.0000	0.0502
0.0000	0.0012
0.0000	0.8684
0.0000	0.9297
1.0000	0.2644
0.0000	0.0417
0.0000	0.9600
1.0000	0.0195
1.0000	1.0000
0.0000	0.8373
1.0000	0.9730
0.0000	0.3888
1.0000	1.0000
0.0000	0.0018
0.0000	0.0000
0.0000	0.9864
1.0000	0.9761
1.0000	0.9993
1.0000	0.9252
1.0000	0.9415
1.0000	0.9227
0.0000	0.9331
1.0000	0.9636
0.0000	0.0063
0.0000	0.9978
0.0000	0.0000
0.0000	0.9871
0.0000	0.0017
1.0000	1.0000
0.0000	0.0000
0.0000	0.0024
0.0000	0.0011
0.0000	0.9912
1.0000	0.7074
0.0000	0.2430
0.0000	0.9998
0.0000	0.9783
0.0000	0.1531
1.0000	0.9913
0.0000	0.0001
0.0000	0.0230
1.0000	0.9997
0.0000	0.8467
0.0000	0.0001
0.0000	0.0316
0.0000	0.9728
0.0000	0.9387
0.0000	0.0010
1.0000	0.9486
1.0000	1.0000
0.0000	0.9632
0.0000	0.7073
1.0000	0.2591
0.0000	0.4878
1.0000	0.9130
1.0000	0.9991
0.0000	0.0553
0.0000	0.0000
0.0000	0.5693
0.0000	0.9364
0.0000	0.0297
0.0000	0.9635
1.0000	0.9930
0.0000	0.0408
0.0000	0.9820
0.0000	0.0994
0.0000	0.0452
1.0000	0.9969
1.0000	0.9749
1.0000	0.9993
1.0000	1.0000
1.0000	0.9993
0.0000	0.0002
1.0000	0.9853
0.0000	0.9804
0.0000	0.0402
0.0000	0.0039
0.0000	0.6544
1.0000	0.9986
0.0000	0.0505
0.0000	0.6986
1.0000	0.9997
0.0000	0.6037
0.0000	0.9102
1.0000	0.9895
0.0000	0.2446
0.0000	0.9954
0.0000	0.1007
0.0000	0.7641
0.0000	0.1907
1.0000	0.9875
0.0000	0.0332
0.0000	0.7929
0.0000	0.9999
0.0000	0.8161
1.0000	0.9914
1.0000	0.9965
0.0000	0.0064
0.0000	0.0000
1.0000	0.9998
1.0000	0.9991
0.0000	0.7954
1.0000	0.9997
0.0000	0.0554
0.0000	0.3714
0.0000	0.0120
1.0000	0.9406
0.0000	0.0009
0.0000	0.1199
0.0000	0.9992
1.0000	1.0000
0.0000	0.3274
0.0000	0.4655
1.0000	1.0000
0.0000	0.9948
0.0000	0.0179
0.0000	0.6303
0.0000	0.0073
0.0000	0.1173
0.0000	0.1719
1.0000	0.9957
0.0000	0.9722
0.0000	0.0068
0.0000	0.7317
1.0000	0.0420
1.0000	1.0000
1.0000	0.6994
1.0000	0.9961
1.0000	0.9994
1.0000	1.0000
1.0000	0.9985
1.0000	0.9967
0.0000	0.3850
1.0000	1.0000
1.0000	1.0000
0.0000	0.5138
1.0000	1.0000
0.0000	0.9995
1.0000	1.0000
1.0000	1.0000
0.0000	0.9125
0.0000	0.7120
1.0000	1.0000
0.0000	0.9485
0.0000	0.5776
0.0000	0.5692
1.0000	0.0053
1.0000	0.9998
0.0000	0.2296
1.0000	1.0000
1.0000	0.5345
0.0000	0.8195
1.0000	0.9985
1.0000	0.9266
1.0000	0.3877
0.0000	0.6412
1.0000	0.0215
0.0000	0.0657
1.0000	0.9995
0.0000	1.0000
0.0000	0.2966
0.0000	0.0000
0.0000	0.0000
0.0000	0.3033
0.0000	0.9990
1.0000	0.9998
0.0000	0.9854
0.0000	0.4962
1.0000	0.9993
1.0000	1.0000
1.0000	0.8952
0.0000	0.0057
0.0000	0.5979
1.0000	0.9997
1.0000	0.9983
0.0000	0.0035
0.0000	0.8471
0.0000	0.7908
1.0000	0.9937
1.0000	0.9789
1.0000	1.0000
0.0000	0.0000
1.0000	0.6155
1.0000	0.9997
0.0000	0.0019
1.0000	0.9975
0.0000	0.0004
0.0000	0.9198
1.0000	0.9996
0.0000	0.4395
0.0000	0.7413
0.0000	0.0002
1.0000	0.9971
1.0000	0.9956
1.0000	0.9999
0.0000	0.0023
0.0000	0.9902
0.0000	0.5068
1.0000	0.9916
1.0000	0.9833
1.0000	0.9926
0.0000	0.9380
1.0000	0.9818
1.0000	0.9917
0.0000	0.0182
1.0000	0.9999
1.0000	0.3157
0.0000	0.9204
0.0000	0.3162
1.0000	0.9971
0.0000	0.1969
1.0000	0.9998
0.0000	0.0000
1.0000	1.0000
1.0000	1.0000
0.0000	0.2471
1.0000	1.0000
1.0000	0.4397
0.0000	0.8713
1.0000	0.6972
0.0000	0.4781
0.0000	0.0233
0.0000	0.1861
0.0000	0.0004
0.0000	0.9999
1.0000	0.9438
0.0000	0.9050
0.0000	0.8700
1.0000	0.9987
0.0000	0.9710
1.0000	0.4366
0.0000	0.4965
1.0000	0.7390
1.0000	0.9840
0.0000	0.9964
0.0000	0.9963
1.0000	0.7098
1.0000	0.9998
0.0000	0.0818
1.0000	1.0000
1.0000	0.7063
0.0000	0.0059
1.0000	0.9998
0.0000	0.0002
0.0000	0.0384
0.0000	0.0035
0.0000	0.0000
0.0000	0.2089
0.0000	0.0639
0.0000	0.0019
0.0000	0.9785
1.0000	0.8726
0.0000	0.1209
1.0000	0.9999
1.0000	1.0000
0.0000	0.0001
0.0000	0.9931
0.0000	0.8574
1.0000	0.9493
1.0000	0.9797
1.0000	1.0000
0.0000	0.0686
0.0000	0.0039
1.0000	1.0000
1.0000	0.9995
1.0000	0.9996
0.0000	0.0008
1.0000	0.9795
0.0000	0.0000
0.0000	0.3266
1.0000	0.9998
1.0000	0.9463
0.0000	0.0080
1.0000	0.0031
0.0000	1.0000
0.0000	0.8919
0.0000	0.9467
0.0000	0.9779
1.0000	0.9987
0.0000	0.8853
0.0000	0.1001
0.0000	0.0319
0.0000	0.0341
0.0000	0.0611
1.0000	1.0000
0.0000	0.0000
0.0000	0.9997
1.0000	1.0000
0.0000	0.0005
1.0000	0.3676
0.0000	0.0003
0.0000	0.0942
1.0000	0.9865
1.0000	0.9644
1.0000	0.9944
0.0000	0.5821
0.0000	0.0020
0.0000	0.2785
0.0000	0.2652
0.0000	0.1859
1.0000	0.9788
0.0000	0.1260
0.0000	0.9950
0.0000	0.0000
1.0000	1.0000
1.0000	0.8793
0.0000	0.0009
1.0000	0.9991
0.0000	0.0016
0.0000	0.9899
1.0000	0.0435
1.0000	0.9949
0.0000	0.0000
0.0000	0.0000
0.0000	0.6123
0.0000	0.0148
0.0000	0.4245
0.0000	0.0070
0.0000	0.0302
0.0000	0.9988
0.0000	0.7446
0.0000	0.0118
1.0000	0.9932
0.0000	0.0121
1.0000	0.9102
0.0000	0.0005
1.0000	0.9963
0.0000	0.9724
0.0000	0.2277
0.0000	0.6593
1.0000	0.9983
0.0000	0.0000
0.0000	0.0388
0.0000	0.9239
0.0000	0.4224
0.0000	0.5190
0.0000	0.0053
0.0000	0.0588
1.0000	0.9997
0.0000	0.0154
1.0000	0.9999
0.0000	0.6792
1.0000	1.0000
1.0000	0.7940
1.0000	0.9996
1.0000	0.9994
0.0000	0.9996
1.0000	0.9235
0.0000	0.9480
0.0000	0.9998
1.0000	0.9263
0.0000	0.8922
1.0000	0.0571
0.0000	0.0000
1.0000	1.0000
1.0000	0.0001
0.0000	0.6972
0.0000	0.9977
1.0000	0.7555
0.0000	0.4137
1.0000	0.9877
1.0000	0.9998
0.0000	0.4771
1.0000	0.9980
0.0000	0.3575
1.0000	0.9248
0.0000	0.0007
1.0000	0.4811
0.0000	0.0342
1.0000	0.6198
1.0000	0.9999
1.0000	0.9983
1.0000	0.9870
1.0000	0.9998
1.0000	0.1891
0.0000	0.0771
0.0000	0.2435
1.0000	0.9910
0.0000	0.0253
0.0000	0.0000
1.0000	0.5193
0.0000	0.0477
1.0000	0.9995
1.0000	0.9584
0.0000	0.9586
0.0000	0.0702
0.0000	0.0865
0.0000	0.5659
1.0000	0.9902
0.0000	0.0079
0.0000	0.8963
1.0000	0.9984
1.0000	0.8074
1.0000	1.0000
1.0000	0.9971
1.0000	1.0000
1.0000	0.8223
0.0000	0.9995
1.0000	0.9999
0.0000	0.0000
1.0000	0.9689
0.0000	0.0003
0.0000	0.9747
0.0000	0.0263
0.0000	0.7938
1.0000	0.9998
0.0000	0.9874
0.0000	0.4609
1.0000	0.9984
0.0000	0.9649
0.0000	0.0411
1.0000	0.9395
1.0000	0.9269
1.0000	0.9915
1.0000	0.9858
0.0000	0.6850
0.0000	0.5791
0.0000	0.0033
1.0000	1.0000
1.0000	0.9860
1.0000	0.9994
1.0000	0.9541
1.0000	0.9946
0.0000	0.0270
0.0000	1.0000
1.0000	0.9337
0.0000	0.6101
1.0000	0.2285
0.0000	0.0055
0.0000	0.2329
0.0000	0.0012
0.0000	0.3350
1.0000	1.0000
0.0000	0.6797
0.0000	0.9758
0.0000	0.5013
0.0000	0.6043
0.0000	0.0579
0.0000	0.8152
1.0000	0.9976
1.0000	1.0000
0.0000	0.9522
0.0000	0.9869
0.0000	0.8553
0.0000	0.9917
1.0000	1.0000
0.0000	0.9221
0.0000	0.0391
1.0000	0.9460
0.0000	0.5614
0.0000	0.9007
1.0000	1.0000
1.0000	0.9420
0.0000	0.1639
1.0000	0.9768
0.0000	0.0655
1.0000	0.9999
0.0000	0.0009
0.0000	0.9375
1.0000	0.8022
0.0000	0.0000
1.0000	0.7170
0.0000	0.2828
0.0000	0.1941
0.0000	0.8784
0.0000	0.0070
1.0000	0.9988
0.0000	0.6560
0.0000	0.9989
0.0000	0.0248
1.0000	0.9756
1.0000	0.9996
1.0000	0.0066
0.0000	0.0457
0.0000	0.0025
0.0000	0.5479
0.0000	0.0024
0.0000	0.0201
0.0000	0.9711
0.0000	0.9636
0.0000	0.8549
1.0000	0.9907
1.0000	0.9995
0.0000	0.5242
0.0000	0.0000
0.0000	0.9299
0.0000	0.9705
0.0000	0.0221
0.0000	0.1070
1.0000	0.5982
0.0000	0.0000
1.0000	0.9910
1.0000	0.9992
0.0000	0.5242
1.0000	1.0000
0.0000	0.0040
1.0000	0.9901
1.0000	1.0000
0.0000	0.0387
1.0000	1.0000
0.0000	0.0006
1.0000	0.9627
1.0000	0.9998
0.0000	0.0431
1.0000	1.0000
1.0000	0.9981
1.0000	0.9224
1.0000	0.0000
1.0000	0.0571
1.0000	0.6725
0.0000	0.0101
1.0000	1.0000
0.0000	0.9823
1.0000	0.7943
1.0000	0.9813
0.0000	0.9928
0.0000	0.0000
0.0000	0.0922
0.0000	0.0449
1.0000	0.7492
1.0000	1.0000
0.0000	0.6284
1.0000	0.9991
0.0000	0.7583
0.0000	0.0001
0.0000	0.4016
1.0000	0.2853
0.0000	0.0000
0.0000	0.9867
1.0000	1.0000
1.0000	0.9998
0.0000	0.0000
1.0000	0.2547
0.0000	0.6341
0.0000	0.9338
0.0000	0.1218
0.0000	0.0079
0.0000	0.0145
1.0000	0.9983
0.0000	0.0120
0.0000	0.4751
0.0000	0.9997
0.0000	0.8936
1.0000	0.9937
0.0000	0.0631
1.0000	0.9958
1.0000	1.0000
0.0000	0.9999
0.0000	0.9972
1.0000	0.9997
0.0000	0.0109
0.0000	0.9887
0.0000	0.9971
0.0000	0.9998
0.0000	0.9778
0.0000	0.9974
1.0000	0.9995
1.0000	0.9878
1.0000	0.9996
0.0000	0.8562
0.0000	0.9877
1.0000	1.0000
1.0000	0.9996
0.0000	0.9962
1.0000	0.9766
0.0000	0.9259
1.0000	0.9917
0.0000	0.4431
0.0000	0.9905
0.0000	0.6927
0.0000	0.9924
0.0000	0.9978
0.0000	0.9106
1.0000	0.9806
0.0000	0.4678
1.0000	0.9998
1.0000	0.9567
1.0000	0.8780
1.0000	0.9966
0.0000	0.2785
0.0000	0.0000
0.0000	0.4187
0.0000	0.1014
0.0000	0.9662
0.0000	0.9656
1.0000	0.9999
0.0000	0.9817
1.0000	0.2148
1.0000	0.9999
0.0000	0.0067
1.0000	0.9818
1.0000	0.4856
1.0000	0.9997
1.0000	0.9997
1.0000	0.1386
0.0000	0.7313
1.0000	0.9999
0.0000	0.0235
0.0000	0.5973
1.0000	0.9299
1.0000	0.9958
1.0000	1.0000
1.0000	1.0000
1.0000	0.9976
0.0000	0.0315
0.0000	0.0966
1.0000	1.0000
1.0000	0.4804
0.0000	0.2316
0.0000	0.2809
0.0000	0.9033
1.0000	1.0000
0.0000	0.9570
0.0000	0.0000
0.0000	0.6168
1.0000	0.0396
0.0000	1.0000
0.0000	0.0007
0.0000	0.0039
0.0000	0.9956
0.0000	0.9989
1.0000	1.0000
0.0000	0.1841
0.0000	0.4895
0.0000	0.0028
1.0000	0.9997
1.0000	0.9906
0.0000	0.9107
0.0000	0.0007
1.0000	0.9999
1.0000	0.0103
1.0000	1.0000
0.0000	0.6996
1.0000	1.0000
0.0000	0.0153
0.0000	0.1574
0.0000	0.0167
0.0000	0.8788
0.0000	0.0020
1.0000	0.9885
1.0000	0.0665
1.0000	1.0000
1.0000	0.9999
0.0000	0.8887
1.0000	0.9939
1.0000	0.6230
1.0000	0.9958
1.0000	0.1038
0.0000	0.9987
1.0000	0.9998
1.0000	0.9911
1.0000	0.6402
0.0000	0.9133
1.0000	0.2670
1.0000	0.9973
0.0000	0.9931
0.0000	0.0687
1.0000	0.9996
0.0000	0.0211
1.0000	1.0000
0.0000	0.0145
0.0000	0.9938
1.0000	0.9982
0.0000	0.0034
0.0000	0.3134
0.0000	0.0004
1.0000	0.9976
1.0000	0.7716
0.0000	0.0145
0.0000	0.0005
0.0000	0.1000
0.0000	0.0005
0.0000	0.9831
0.0000	0.1685
0.0000	0.2186
1.0000	0.1564
1.0000	1.0000
0.0000	0.2538
1.0000	0.9888
1.0000	0.9992
0.0000	0.9927
0.0000	0.3762
0.0000	0.0048
0.0000	0.9998
1.0000	1.0000
0.0000	0.9703
1.0000	0.9999
0.0000	0.0152
1.0000	0.9671
1.0000	1.0000
1.0000	1.0000
1.0000	1.0000
0.0000	0.9965
0.0000	0.0784
0.0000	0.9996
1.0000	1.0000
0.0000	0.6143
0.0000	0.9704
0.0000	0.2677
1.0000	0.9983
0.0000	0.0003
0.0000	0.0000
0.0000	0.0036
1.0000	0.9714
0.0000	0.0035
1.0000	0.9980
1.0000	0.9976
1.0000	0.9996
0.0000	1.0000
0.0000	0.1594
1.0000	0.9986
1.0000	0.9760
0.0000	0.9781
0.0000	0.0001
1.0000	0.9852
0.0000	0.9947
0.0000	0.9816
0.0000	0.0245
1.0000	0.8332
1.0000	0.9984
0.0000	0.9794
1.0000	1.0000
0.0000	0.3439
0.0000	0.0006
1.0000	0.9658
1.0000	0.8733
1.0000	0.0509
1.0000	0.9999
0.0000	0.0033
1.0000	0.9996
0.0000	0.9062
1.0000	0.8109
0.0000	0.8361
0.0000	0.7797
1.0000	0.9999
0.0000	0.0022
0.0000	0.0181
0.0000	0.9291
1.0000	0.9557
0.0000	0.0115
1.0000	0.9998
1.0000	1.0000
0.0000	0.9987
1.0000	1.0000
0.0000	0.3567
0.0000	0.8125
1.0000	0.7305
0.0000	0.0015
0.0000	0.9965
0.0000	0.9918
0.0000	0.6336
0.0000	0.9741
0.0000	0.0094
0.0000	0.0410
0.0000	0.0670
1.0000	0.9998
0.0000	0.0068
0.0000	0.3469
0.0000	0.0000
0.0000	0.6615
0.0000	0.9767
0.0000	0.9954
0.0000	0.0028
0.0000	0.5535
1.0000	1.0000
1.0000	0.9999
0.0000	0.0154
1.0000	1.0000
1.0000	0.9994
1.0000	1.0000
0.0000	0.9974
1.0000	0.9022
0.0000	0.9309
1.0000	0.9999
0.0000	0.0019
0.0000	0.0735
0.0000	0.8226
0.0000	0.1506
1.0000	1.0000
0.0000	0.0328
1.0000	0.9964
0.0000	0.9459
1.0000	1.0000
0.0000	0.6543
0.0000	0.9732
1.0000	0.9870
0.0000	0.9859
0.0000	0.0254
1.0000	0.5983
1.0000	1.0000
1.0000	1.0000
1.0000	0.9938
0.0000	0.9193
1.0000	0.9979
1.0000	0.9996
0.0000	0.9959
1.0000	0.9975
0.0000	0.1988
1.0000	0.9653
0.0000	0.8067
1.0000	1.0000
1.0000	0.5570
1.0000	0.8796
1.0000	0.9961
0.0000	0.9253
0.0000	0.0247
0.0000	0.9743
0.0000	0.9997
1.0000	0.9605
0.0000	0.0009
0.0000	0.9769
0.0000	0.0001
1.0000	0.9982
0.0000	0.5633
1.0000	0.9999
0.0000	0.0002
0.0000	0.0001
0.0000	0.1778
1.0000	0.9754
0.0000	0.1354
1.0000	0.4432
0.0000	0.0002
0.0000	0.0052
0.0000	0.0473
0.0000	0.9095
0.0000	0.0002
0.0000	0.9356
1.0000	0.9952
0.0000	0.9179
0.0000	0.0169
1.0000	1.0000
0.0000	0.0269
0.0000	0.9930
0.0000	0.3604
1.0000	0.0140
0.0000	0.9995
0.0000	0.7417
1.0000	0.9887
1.0000	0.0003
1.0000	0.8636
1.0000	0.9997
0.0000	0.9996
0.0000	0.0005
0.0000	0.0030
0.0000	0.2747
1.0000	0.9663
1.0000	0.9999
0.0000	0.0020
0.0000	0.9909
0.0000	0.0436
0.0000	0.2128
0.0000	0.6375
1.0000	1.0000
1.0000	0.6975
0.0000	0.0340
0.0000	0.9998
0.0000	0.0068
0.0000	0.9170
1.0000	0.2040
1.0000	0.9987
1.0000	0.3817
0.0000	0.0006
1.0000	0.9347
1.0000	0.9996
0.0000	0.8407
1.0000	0.9918
1.0000	0.9883
0.0000	0.0192
1.0000	0.9645
0.0000	0.0352
1.0000	0.9986
1.0000	0.9911
0.0000	0.0460
1.0000	0.0319
1.0000	0.7672
0.0000	0.6065
1.0000	0.9771
0.0000	0.0130
0.0000	0.8599
0.0000	0.3391
1.0000	0.7824
1.0000	0.9993
0.0000	0.9217
1.0000	0.9826
0.0000	0.8637
1.0000	0.9982
0.0000	0.0185
0.0000	0.1526
0.0000	0.4229
1.0000	0.9829
1.0000	0.7773
0.0000	0.9950
1.0000	0.9993
0.0000	0.0000
1.0000	0.9944
0.0000	0.0494
0.0000	0.1114
0.0000	0.9982
1.0000	1.0000
0.0000	0.6191
1.0000	0.9935
1.0000	0.9959
0.0000	0.9020
1.0000	1.0000
1.0000	0.7557
0.0000	0.0083
0.0000	0.6106
0.0000	0.2011
0.0000	0.1917
0.0000	0.1002
0.0000	0.5117
1.0000	1.0000
1.0000	0.3350
0.0000	0.7151
1.0000	0.9976
0.0000	0.8674
1.0000	1.0000
0.0000	0.0422
0.0000	0.0806
0.0000	0.0450
1.0000	0.9999
0.0000	0.3836
1.0000	0.9990
1.0000	0.9371
0.0000	0.9648
0.0000	0.8524
1.0000	0.9971
1.0000	0.9983
1.0000	0.9997
0.0000	0.4505
1.0000	0.9999
0.0000	0.9367
0.0000	0.0355
0.0000	0.9894
1.0000	0.9897
0.0000	0.0048
0.0000	0.9942
0.0000	0.0469
1.0000	1.0000
0.0000	0.1371
1.0000	1.0000
1.0000	0.4063
0.0000	0.1567
0.0000	0.9904
1.0000	0.9965
1.0000	0.9998
0.0000	0.8840
0.0000	0.0075
0.0000	0.0031
0.0000	0.9637
0.0000	0.0196
0.0000	0.2535
0.0000	0.0705
0.0000	0.0063
1.0000	0.8659
1.0000	0.9974
1.0000	0.9932
0.0000	0.8627
1.0000	0.9989
0.0000	0.0028
0.0000	0.2322
0.0000	0.9013
0.0000	0.0002
1.0000	0.9947
1.0000	0.3798
